structure(list(window = structure(list(type = "polygonal", xrange = c(548.816500001073, 
630.745499997418), yrange = c(1461.91274999519, 1493.61362499478
), bdry = list(structure(list(x = c(586.381562502964, 588.29734540242, 
589.769004701234, 590.62055450139, 591.621785994784, 592.557610402481, 
593.191555903138, 594.127380299796, 594.489634894855, 594.942453097374, 
595.395271405118, 595.697150202492, 596.089592705208, 596.451847304393, 
597.117000004374, 597.70387499625, 598.060937499942, 598.453062498902, 
598.724125000427, 598.893062495079, 599.215000002959, 599.553312495195, 
599.613187494789, 599.877500000921, 600.093874995668, 600.332625003178, 
600.564874998045, 600.771499995518, 600.869874996945, 600.968187500019, 
601.053750000322, 601.1058125022, 601.122375000964, 601.218374995817, 
601.326079811339, 601.63761446359, 601.891942932077, 602.306853404558, 
602.743847331968, 603.210312496302, 603.882625003701, 604.468875003101, 
605.026374997031, 605.612687499439, 606.010937500357, 606.18293749859, 
606.695874995767, 607.151499996844, 607.476562499305, 607.788562502703, 
608.011562503654, 608.24412499461, 608.521999995868, 608.827062497382, 
609.279312497882, 609.468164501154, 609.693499997746, 609.780187500921, 
610.209437505285, 610.604374994772, 610.881500004272, 611.203125004424, 
611.66824999864, 612.009187501894, 612.318250002394, 612.643125001185, 
612.936000000252, 613.222749998368, 613.511062504639, 613.570000002047, 
613.837624996404, 614.016812496888, 614.083749999869, 614.245125002783, 
614.51043749549, 614.767624996376, 614.93962500159, 615.060624998315, 
615.313000004497, 615.766500004464, 616.168875000161, 616.513499997875, 
616.928562505017, 617.285937496146, 617.678312503488, 617.968562498761, 
618.287375000459, 618.622125005171, 619.01418749902, 619.35837499678, 
619.571812502035, 619.906312498542, 620.294875000882, 620.546437499651, 
620.886937494973, 621.208625000078, 621.613000003752, 622.084187496893, 
622.393124997301, 622.644687504056, 623.036375003463, 623.44093749797, 
623.682937502998, 623.95950000255, 624.121812505325, 624.296749998981, 
624.424062499982, 624.735812495303, 625.114312497415, 625.26368750539, 
625.347750005146, 625.489124994976, 625.524312504596, 625.7044867349, 
626.101016646951, 626.470249938158, 626.63207303925, 626.659600638068, 
626.702810446012, 626.722801525415, 626.808066233443, 627.087799863585, 
627.248596790952, 627.407197698293, 627.523250001161, 627.849687500058, 
628.080812502635, 628.292937497074, 628.593499996002, 628.89357022896, 
629.264463897155, 629.44078569573, 629.638184513357, 629.813618199579, 
630.064164891632, 630.084255417683, 630.151171228223, 630.159107686855, 
630.234414021334, 630.306494995347, 630.36309314377, 630.444136561624, 
630.476259417275, 630.479562723689, 630.492312496357, 630.512250005027, 
630.574250004567, 630.607187504107, 630.650250004279, 630.665749995092, 
630.674687497917, 630.679375001247, 630.709812495355, 630.727999996322, 
630.730500003592, 630.73937499626, 630.745499997418, 630.652937497368, 
630.576500004978, 630.420250003417, 630.270562497961, 630.095312504918, 
629.971124997705, 629.830999996765, 629.706749996407, 629.522062501801, 
629.340562504505, 629.130187498788, 628.817999996236, 628.607562502731, 
628.425499998429, 628.269124998261, 628.245937503713, 628.17325000054, 
628.089750004213, 628.031687495927, 628.031187503631, 628.037062499424, 
628.030437505281, 628.020625004541, 627.988499995178, 627.940437499865, 
627.898937496052, 627.854500001336, 627.791312495073, 627.725125000345, 
627.68087499958, 627.611187502255, 627.557187502444, 627.452000004146, 
627.346812494979, 627.279749995102, 627.186875000756, 627.116374998687, 
626.997749994836, 626.952562496867, 626.932874998296, 626.934247497664, 
626.93531250402, 626.982500004619, 627.023374998675, 627.038999998404, 
627.029125004125, 626.990562501828, 626.932812498197, 626.785562498239, 
626.692875000526, 626.625625004187, 626.567812502312, 626.538687499694, 
626.551000003848, 626.64556250344, 626.731125002915, 626.863999997514, 
626.9553749963, 627.059312494638, 627.119062500322, 627.21106250358, 
627.439999999101, 627.58631250167, 627.67881249702, 627.806312504497, 
628.029249997563, 628.16612499975, 628.31568750071, 628.410937499627, 
628.445562495112, 628.426062494986, 628.374562502775, 628.230812494688, 
627.892062504683, 627.671750001404, 627.374562496119, 627.134749994814, 
626.942687495152, 626.811500002216, 626.709562497096, 626.622937502065, 
626.52062500195, 626.443687497103, 626.429624998272, 626.441749996665, 
626.488812504886, 626.513749998081, 626.497312497363, 626.44912500482, 
626.378562503555, 626.298624999255, 626.244187497894, 626.202624995806, 
626.16312500058, 626.119625002961, 626.014625000662, 625.944562495061, 
625.826625002931, 625.616062501746, 625.398437497678, 625.127687496592, 
624.964874997108, 624.750937502149, 624.591249996556, 624.374249997552, 
624.138000003579, 623.981500004423, 623.815500004155, 623.525749996679, 
623.334812505016, 623.214000002541, 623.163437504213, 623.09531249602, 
623.045749996537, 622.985375005368, 622.915499998761, 622.886875001093, 
622.750187504247, 622.499062496695, 622.254062494931, 622.08231249824, 
621.748375005353, 621.500125004578, 621.213749994608, 620.84787500413, 
620.669687501114, 620.447187497306, 620.269312501585, 620.164625002844, 
620.00931249598, 619.911125000363, 619.848312499404, 619.826874995881, 
619.875562494808, 619.89868749889, 619.944062505328, 619.983124997553, 
619.974437499221, 619.959249995543, 620.023937504462, 620.085437499468, 
620.172124998263, 620.297250002805, 620.43512500472, 620.617562503502, 
620.729625003183, 620.857812499012, 621.034062498341, 621.181375001857, 
621.261499999841, 621.344875003955, 621.508499996769, 621.716687503403, 
621.91881250498, 622.028375003161, 622.052829402296, 622.056014298216, 
622.068833105276, 622.083875004832, 622.101000004934, 622.082374999554, 
622.047999998052, 621.994687501361, 621.934687503914, 621.865124996452, 
621.773125003956, 621.639624996516, 621.534687501304, 621.464687499292, 
621.381999999432, 621.293000004262, 621.200812503316, 621.080125002369, 
620.915062499077, 620.766187502344, 620.69699999478, 620.660187499646, 
620.664562497998, 620.687937500149, 620.688375004995, 620.683000003216, 
620.671062505031, 620.665875004438, 620.619187501617, 620.585000003276, 
620.543461796314, 620.40074999484, 620.280374999208, 619.892086803937, 
619.617315798733, 619.327279798374, 618.945653495175, 618.577884799399, 
618.179112503276, 617.684687497569, 617.413657902551, 617.022124999334, 
616.58018749624, 616.21456249918, 616.057250004311, 615.825125003736, 
615.751062495823, 615.689687498716, 615.608624998825, 615.50112500022, 
615.384562497791, 615.192275297505, 615.010312500019, 614.719212195964, 
614.477749999033, 614.311062494615, 614.153624996066, 613.983749999398, 
613.849125000554, 613.590124995554, 613.294455598217, 612.962750000169, 
612.409312502819, 611.640759303679, 611.280250003343, 610.898396701532, 
610.412249999098, 609.792228704223, 609.179743601815, 608.589106404904, 
608.193305797946, 607.910398304938, 607.733437503417, 607.712874995017, 
607.809874995537, 607.874624995172, 608.05193749621, 608.139874999413, 
608.395000000748, 608.515000002784, 608.512999994879, 608.316999997925, 
608.072625005123, 607.868440099437, 607.605375005125, 607.487749997883, 
607.290562503779, 607.106374999257, 606.969625000267, 606.740687505388, 
606.540437504175, 606.32425000023, 606.063624997015, 605.914374996359, 
605.682312498299, 605.481999994672, 605.266000002514, 605.072125002089, 
604.922937505071, 604.678062495947, 604.569062496468, 604.394124995335, 
604.213500003604, 604.031874994885, 603.93625000098, 603.795875002129, 
603.75118750372, 603.677687503285, 603.536937501419, 603.488937501152, 
603.434437499738, 603.299999995223, 603.156187494736, 603.053812503231, 
602.957625004408, 602.874437501742, 602.72706250211, 602.634249995528, 
602.582937498649, 602.49624999497, 602.451124997179, 602.386624997167, 
602.338124995617, 602.312000005251, 602.285875003757, 602.2658125034, 
602.261687499545, 602.279812502443, 602.304624998357, 602.329375002224, 
602.35731249838, 602.368749998922, 602.366437497919, 602.369562504675, 
602.400874998463, 602.409999995155, 602.418562498881, 602.433749996076, 
602.397437494743, 602.367812499375, 602.341437505166, 602.314875001192, 
602.279124995292, 602.172875001332, 602.127562504283, 602.008437504784, 
601.889625000167, 601.716624999365, 601.572625004614, 601.441625004557, 
601.35581249692, 601.173312500145, 600.981812497987, 600.630625001645, 
600.174937504637, 599.932937495094, 599.567062503548, 599.099625002888, 
598.766062495786, 598.499562496553, 598.223874998221, 597.992437499697, 
597.865625001743, 597.675624998033, 597.304312495739, 597.037812494831, 
596.844375000213, 596.526937497671, 596.355562504418, 596.20649999665, 
596.117874996654, 596.095749998702, 596.016687500179, 595.938187502838, 
595.913562495432, 595.892187497706, 595.880624998034, 595.916374999318, 
595.955249999438, 596.05856250034, 596.203687496802, 596.338874996994, 
596.499812502101, 596.587062502845, 596.635812495422, 596.684625000923, 
596.656499994673, 596.590249999929, 596.53968749633, 596.418937498888, 
596.246937504363, 596.027250000984, 595.823062505325, 595.62824999486, 
595.494125001599, 595.401499997488, 595.299375004411, 595.21949999744, 
595.072312503823, 594.864249996239, 594.605062502592, 594.473875000215, 
594.275562500353, 594.086875005287, 593.933624994814, 593.767812501059, 
593.564062498852, 593.379499996913, 593.252499995843, 593.093625001468, 
592.807375001343, 592.578249998082, 592.31706250294, 592.164062499485, 
592.039562502248, 591.959625003698, 591.895687505408, 591.806187494618, 
591.754875002076, 591.719624995329, 591.693687497009, 591.683437496734, 
591.692374997014, 591.698312495691, 591.74849999513, 591.855937502539, 
592.017500000999, 592.182312497835, 592.33749999814, 592.521125001149, 
592.672812500397, 592.75812500507, 592.824250004829, 592.794500001393, 
592.675874995169, 592.579874998005, 592.506312503629, 592.20268750248, 
591.97599999974, 591.714062504905, 591.468375005397, 591.273937504288, 
591.041437500602, 590.9272499947, 590.848374998585, 590.798125003525, 
590.751124997098, 590.751937494848, 590.727500004029, 590.721999999691, 
590.722749999461, 590.745937503409, 590.766187497978, 590.7102499985, 
590.365562496736, 590.165562502917, 590.009812501611, 589.920749994672, 
589.685124999303, 589.372875000782, 589.152874996758, 588.9264999967, 
588.687249994628, 588.489562499661, 588.336500004818, 588.24743749653, 
588.155375003294, 588.028625000164, 587.892437501146, 587.762750002307, 
587.700062494633, 587.688312495767, 587.71187500463, 587.745312494861, 
587.845749995011, 587.872687500499, 587.889624996903, 587.829937500122, 
587.687624997838, 587.560562503363, 587.497062497108, 587.302687494764, 
587.003187496697, 586.875625005116, 586.761000004948, 586.659000003903, 
586.464625004198, 586.327500005257, 586.120624996955, 586.025187500415, 
585.894937504409, 585.736312495573, 585.616000000451, 585.540375001804, 
585.531812504253, 585.551937499589, 585.586559899583, 585.593224398019, 
585.587728602126, 585.657758997546, 585.676250003575, 585.666223898541, 
585.648687499569, 585.582624997034, 585.500187500707, 585.426190597049, 
585.400046399812, 585.398265197888, 585.39529429491, 585.386452004522, 
585.383962700274, 585.382011898639, 585.37079200063, 585.352933005347, 
585.348687197425, 585.344030295228, 585.336287694946, 585.327819802117, 
585.323645098964, 585.315085704996, 585.307128198043, 585.30183620182, 
585.295334298419, 585.2901011045, 585.2856430032, 585.275812499922, 
585.25470520335, 585.243965702549, 585.217750599847, 585.21107080284, 
585.208937603621, 585.198161697016, 585.189674500439, 585.184555003727, 
585.178506998698, 585.173999497298, 585.17137099931, 585.165491595403, 
585.160463503321, 585.154541097347, 585.140143397632, 585.135682303532, 
585.123173896627, 585.121897897724, 585.117316201681, 585.113772798226, 
585.109553294778, 585.108072497461, 585.108244401367, 585.106077794662, 
585.098825503954, 585.087755798514, 585.061938796586, 585.043785000017, 
585.015534099311, 584.994223901779, 584.963268702302, 584.954738196336, 
584.944310398471, 584.902434995507, 584.887561600367, 584.863483698371, 
584.82508860436, 584.778572700234, 584.75065320143, 584.742384602826, 
584.698906803309, 584.68981690497, 584.661897800727, 584.633333701529, 
584.637617997617, 584.641368700485, 584.640465496092, 584.634919994952, 
584.623636803247, 584.610615697739, 584.597490202415, 584.600945899338, 
584.618317599381, 584.629340200938, 584.652436701611, 584.676500803579, 
584.695426196467, 584.697555194657, 584.667039300794, 584.621620294801, 
584.589230799673, 584.555718801462, 584.533694602946, 584.507448302552, 
584.475119299914, 584.419012705092, 584.41737499578, 584.401000000813, 
584.363310197997, 584.240624996636, 584.173124998413, 583.978592298273, 
583.881687496409, 583.779124996962, 583.699062495231, 583.572260599442, 
583.428395295659, 583.192483705083, 582.885562496511, 582.538125002669, 
582.222374999743, 582.009585298388, 581.660999998731, 581.46912500021, 
581.23762500346, 581.121499997282, 581.057312504144, 580.929500002479, 
580.79837500195, 580.66724999626, 580.533062501242, 580.293624999414, 
580.136937503551, 579.964437495485, 579.757103500554, 579.316312498555, 
579.075199401981, 578.490358998101, 578.193664800959, 578.012225095759, 
577.848249999273, 577.462249997786, 577.302999996627, 577.172437503326, 
577.083562500009, 577.06481250476, 577.059089496671, 577.030090799029, 
576.920562500535, 576.790812500601, 576.540437503891, 576.261375001839, 
576.130804005057, 575.959694001275, 575.803146004478, 575.681874994709, 
575.545035803445, 575.379624996818, 575.109624997793, 574.859250100736, 
574.478687505004, 573.802999995917, 573.41418750479, 573.216500003223, 
572.948750004153, 572.665062495683, 572.362250001269, 572.056250004794, 
571.785437495738, 571.51450000253, 571.237249998, 570.877250005276, 
570.682812498174, 570.472375003594, 570.344874996297, 570.105624998465, 
569.962124995157, 569.764437502796, 569.573000001774, 569.349562500855, 
568.816812497903, 568.517667920849, 568.257454871088, 568.132634510283, 
568.066295066693, 568.026707636, 568.009046443559, 567.972056823791, 
567.92545397197, 567.824858797596, 567.721696378352, 567.525838725204, 
567.389551235241, 567.312459550561, 567.23844167364, 567.140766169031, 
567.026062500236, 566.974625004083, 566.942437505262, 566.907000002425, 
566.868312495162, 566.820000003333, 566.781187498574, 566.755187503895, 
566.725937494617, 566.693249997845, 566.660687495887, 566.634937500791, 
566.615625002408, 566.58012499607, 566.528875001621, 566.496937504959, 
566.436124997593, 566.365875003006, 566.308500003833, 566.228750005234, 
566.136312503202, 566.040687500354, 565.964249996845, 565.890937501449, 
565.804875001461, 565.709312499301, 565.553187504666, 565.441562496001, 
565.307812503716, 565.110375005335, 564.935062496446, 564.78849999742, 
564.594124995998, 564.431437504848, 564.224249995522, 564.074437499938, 
563.883062497394, 563.691624995679, 563.519375004906, 563.29924999673, 
563.06637500312, 562.862187498396, 562.709000003173, 562.56212500392, 
562.415249994898, 562.313062498686, 562.20118749683, 562.127687504476, 
562.038124995485, 561.919687504158, 561.897125003645, 561.871062495273, 
561.845249996282, 561.832124998668, 561.825374995254, 561.821875004822, 
561.779937500326, 561.763625002396, 561.731437500356, 561.696187495413, 
561.638500002977, 561.58418749595, 561.466062499163, 561.351125004592, 
561.197812497747, 560.891312495447, 560.664749997853, 560.313562496302, 
560.134937503759, 559.924437498833, 559.691624997208, 559.468437505302, 
559.2739999952, 559.054250003995, 558.675375001688, 558.490812501759, 
558.293624996359, 558.121937498144, 557.931187495769, 557.721437505127, 
557.457562499561, 557.263687501209, 557.060187498268, 556.891812504856, 
556.697812495623, 556.561000004765, 556.417687495574, 556.306000001733, 
556.210625002743, 556.10537500159, 556.028875002062, 555.964937498139, 
555.913687504156, 555.88799999633, 555.862312504106, 555.829812499922, 
555.787937501336, 555.765312497905, 555.742687501835, 555.719999999555, 
555.678312503391, 555.66543749863, 555.623625003673, 555.537312496458, 
555.444499999883, 555.323000004899, 555.207999997433, 554.987500001249, 
554.843749998598, 554.671374999903, 554.527812504431, 554.355624996894, 
554.138499995261, 553.927937498228, 553.768249997192, 553.627812503264, 
553.509749998929, 553.411437499322, 553.370500005175, 553.340062501684, 
553.33868749473, 553.39143750383, 553.459687499885, 553.505750000583, 
553.503999998311, 553.467249996239, 553.456187499991, 553.484000002612, 
553.496187503196, 553.558312504936, 553.633812500696, 553.741125003889, 
553.839812504627, 553.886500003295, 553.888375001105, 553.900749999675, 
553.907312494813, 553.906562500495, 553.937937498153, 553.948937502087, 
553.985500004655, 554.054749996512, 554.002000003335, 553.913999995436, 
553.841437498277, 553.746562500318, 553.648249995904, 553.496749996976, 
553.389812504607, 553.320562501274, 553.117125002113, 552.93568750225, 
552.751000004628, 552.607687500666, 552.473499999033, 552.329312498669, 
552.146875001553, 551.926062504294, 551.734812498274, 551.572874998489, 
551.43312500235, 551.298812496802, 551.199124996602, 551.086312497418, 
550.970499999741, 550.812999999886, 550.823937501874, 550.829750000828, 
550.841687500753, 550.881812504678, 550.90262500504, 550.90900000125, 
550.89506250355, 550.867937502842, 550.847312498788, 550.829687496298, 
550.802937504577, 550.794750001099, 550.77081249905, 550.735187503039, 
550.692749998243, 550.656999999453, 550.621437501559, 550.607625001588, 
550.594125001574, 550.577000002855, 550.521249997435, 550.477062502745, 
550.304687497, 550.061812497486, 549.782500003471, 549.697625001854, 
549.50162499904, 549.268249997076, 549.112000002022, 548.943687503971, 
548.816500001073, 548.84743750299, 548.961375004963, 549.245750004021, 
549.448750001462, 549.621437502997, 549.835437503488, 549.985562502666, 
550.148937501124, 550.299375004661, 550.480062494834, 550.554250005064, 
550.5988750036, 550.688249994677, 550.780749997316, 550.87331249676, 
550.988250003478, 551.064874997491, 551.192562500531, 551.291625001588, 
551.463875003147, 551.594687496407, 551.782937500353, 551.974374996955, 
552.121187494649, 552.312625003083, 552.484999995739, 552.695562499884, 
552.88693750327, 553.084687503042, 553.314499994613, 553.585562496773, 
553.776937500981, 554.013000001972, 554.223375004924, 554.430749995138, 
554.752937498182, 554.9634375043, 555.215374999326, 555.460937495612, 
555.72243749624, 556.006187503881, 556.286749998938, 556.519499995556, 
556.774499999928, 557.048624998611, 557.396187501264, 557.568250004492, 
557.683000005243, 557.724624997593, 557.804312498986, 557.954500004987, 
558.008875001137, 558.088687502236, 558.232374999372, 558.353875004481, 
558.472250001703, 558.587250005106, 558.798124995313, 558.881249998333, 
559.031312504352, 559.133562498094, 559.347562503322, 559.478500003995, 
559.561624997359, 559.71825000426, 559.951437503752, 560.047312494895, 
560.25181249834, 560.443562500818, 560.635249995437, 560.871624995255, 
561.133625002919, 561.44668749703, 561.56812500358, 561.794812498283, 
561.951437501364, 562.079125005297, 562.341250002713, 562.612749998874, 
562.868375003101, 563.031249995016, 563.213312499577, 563.421062498767, 
563.676562497731, 563.947937503653, 564.149187503984, 564.321624999767, 
564.452500003231, 564.602625004442, 564.889999997414, 565.087937498902, 
565.362437502807, 565.694437495732, 565.850687497703, 566.036000000205, 
566.249812501581, 566.584874999862, 566.859249998718, 566.945375002862, 
567.06662499902, 567.506937503771, 567.985374999166, 568.294875002348, 
568.859437503131, 569.24881249841, 569.350874995537, 569.647500000508, 
569.736812503504, 570.365249999591, 570.604375002667, 570.86281250301, 
571.181875000056, 571.590249995558, 571.985624997557, 572.409812495409, 
572.649668003457, 572.86268749521, 573.175062504355, 573.503562497184, 
573.733937497186, 573.816124998123, 574.201812499628, 574.517500001785, 
574.673749997836, 574.941500002888, 575.110499998384, 575.288937500319, 
575.505687495173, 575.728874994753, 575.993375005382, 576.277062497751, 
576.433312499585, 576.68193750457, 576.818937504715, 577.038812502306, 
577.214000001318, 577.386124999922, 577.5581250013, 577.701562503775, 
577.940562496496, 578.119000001362, 578.205000004157, 578.294124999385, 
578.402437497857, 578.463062497043, 578.610000000598, 578.721749995062, 
578.923062496863, 579.108312500987, 579.386124997801, 579.711875005307, 
580.071358099954, 580.071063305255, 580.088749994852, 581.195977796119, 
581.643812498263, 582.823800499332, 583.903374994783, 584.975250002388
), y = c(1462.00350000437, 1462.14103409818, 1462.25423859578, 
1462.59888360078, 1462.66932199504, 1462.82026140062, 1462.85044930338, 
1463.39383119641, 1464.05796459732, 1465.02397690523, 1466.47299529752, 
1467.19750449457, 1467.65032270388, 1467.86163789657, 1468.13274999664, 
1468.09374999662, 1468.11737499975, 1468.14112500449, 1468.14862499488, 
1468.17149999539, 1468.20137500244, 1468.29462500496, 1468.31112499562, 
1468.4171249946, 1468.51650000028, 1468.63199999474, 1468.76962499518, 
1468.93274999848, 1469.07624999737, 1469.21649999523, 1469.35362499998, 
1469.44537500536, 1469.45775000149, 1469.64049999475, 1469.63760350192, 
1469.64169473077, 1469.63737208995, 1469.74083722289, 1469.82038978237, 
1469.91887500385, 1470.03299999641, 1470.14037500197, 1470.26675000328, 
1470.36774999518, 1470.45524999691, 1470.50687499686, 1470.5758749984, 
1470.67325000386, 1470.7444999966, 1470.84437499521, 1470.90900000197, 
1470.95137500538, 1471.0092499993, 1471.08737499649, 1471.19749999558, 
1471.24035919595, 1471.29150000182, 1471.31649999715, 1471.44012499689, 
1471.53712500206, 1471.60512499535, 1471.69249999792, 1471.78050000363, 
1471.8551250003, 1471.90412500166, 1471.98512499848, 1472.07550000311, 
1472.13712500117, 1472.19387500013, 1472.20550000392, 1472.26074999565, 
1472.32049999817, 1472.34287499665, 1472.38350000061, 1472.45312500221, 
1472.49400000521, 1472.53300000528, 1472.56212499454, 1472.45824999506, 
1472.29499999716, 1472.15362499726, 1472.07262500151, 1471.96637499582, 
1471.90762499497, 1471.85849999665, 1471.84724999823, 1471.84537500272, 
1471.85337500436, 1471.8838749955, 1471.93949999487, 1471.97550000237, 
1472.0280000013, 1472.1188750017, 1472.2058749992, 1472.34112499666, 
1472.44124999795, 1472.55124999801, 1472.69662500176, 1472.78087499592, 
1472.85200000185, 1472.94300000001, 1473.04037499487, 1473.11474999715, 
1473.25750000439, 1473.34587499651, 1473.43262499956, 1473.49049999711, 
1473.62549999966, 1473.82462500309, 1473.9334999996, 1474.00624999628, 
1474.12862499841, 1474.15399999681, 1474.26934490381, 1474.58445374051, 
1474.84813855325, 1474.95900554029, 1474.97722844524, 1475.01685356281, 
1475.04597715075, 1475.19166923171, 1475.47947667726, 1475.77024555485, 
1475.94989748904, 1476.10424999854, 1476.51612500033, 1476.84500000427, 
1477.13862500393, 1477.62037500304, 1478.0929987323, 1478.5035109071, 
1478.84524029239, 1479.16760995995, 1479.49810967343, 1479.89144858588, 
1480.24093300415, 1480.67509956608, 1480.85166916502, 1481.29962400741, 
1481.684137705, 1482.10090196814, 1482.68206760111, 1483.11661154778, 
1483.25879203946, 1483.65412500526, 1484.11862499624, 1484.46237499631, 
1484.88237499572, 1485.20700000503, 1485.30887500172, 1485.42337499576, 
1485.75099999714, 1486.0501249975, 1486.23474999773, 1486.38100000001, 
1486.5051250028, 1486.56237500331, 1486.59687499512, 1486.58387500051, 
1486.58612499528, 1486.58225000387, 1486.56549999625, 1486.55837499553, 
1486.53224999877, 1486.51887500319, 1486.49250000158, 1486.47249999544, 
1486.44912499474, 1486.4412499976, 1486.46875000402, 1486.53137500113, 
1486.59112500278, 1486.60474999828, 1486.64787500501, 1486.75875000214, 
1486.92062500286, 1487.01925000075, 1487.11787499976, 1487.17825000455, 
1487.21950000493, 1487.27662499736, 1487.32724999586, 1487.33987499604, 
1487.30774999826, 1487.19612499974, 1487.05587500429, 1486.95387499469, 
1486.89312499951, 1486.86412500088, 1486.8382499953, 1486.85350000171, 
1486.89137500338, 1486.97037500354, 1487.04962499797, 1487.19537499794, 
1487.32237500015, 1487.43987499786, 1487.51870650056, 1487.57987500433, 
1487.73599999553, 1487.82512500431, 1487.90475000354, 1487.96200000138, 
1488.0286250005, 1488.10462499704, 1488.24062499455, 1488.30374999862, 
1488.37337499763, 1488.45262500464, 1488.55112500545, 1488.64637500041, 
1488.84725000244, 1488.95599999841, 1489.15062499847, 1489.3737500049, 
1489.60962499547, 1489.7753750021, 1489.8585000016, 1489.95187500512, 
1490.01950000528, 1489.99125000374, 1489.99512500475, 1490.0057500032, 
1490.02875000369, 1490.08350000334, 1490.15712500158, 1490.23050000134, 
1490.31000000097, 1490.42100000493, 1490.49662499672, 1490.68887499912, 
1490.79587499548, 1490.9661249968, 1491.12712500399, 1491.31374999692, 
1491.42125000013, 1491.47412499856, 1491.54437499491, 1491.63300000524, 
1491.71849999801, 1491.982250004, 1492.10637500387, 1492.26250000494, 
1492.37724999649, 1492.49150000537, 1492.56762499726, 1492.64675000282, 
1492.71949999547, 1492.77024999999, 1492.80175000137, 1492.82700000213, 
1492.82675000311, 1492.8166250035, 1492.8068750036, 1492.81575000259, 
1492.87200000307, 1492.94075000544, 1493.05724999527, 1493.11987499914, 
1493.22387499581, 1493.30587499853, 1493.37462499954, 1493.47849999804, 
1493.54450000142, 1493.61362499478, 1493.59625000276, 1493.54124999914, 
1493.48025000546, 1493.45299999594, 1493.39275000176, 1493.34899999844, 
1493.31687500538, 1493.27837499649, 1493.25912500101, 1493.19812500046, 
1493.08550000363, 1493.00162500123, 1492.94675000047, 1492.81787499474, 
1492.76574999566, 1492.68499999724, 1492.58137500478, 1492.51375000269, 
1492.40450000242, 1492.26687499612, 1492.20275000052, 1492.01125000234, 
1491.88037499833, 1491.67650000223, 1491.49187500542, 1491.29499999891, 
1491.1392500033, 1490.95824999637, 1490.76762499521, 1490.58299999616, 
1490.43662499472, 1490.21750000314, 1490.01424999642, 1489.86525000501, 
1489.68125000427, 1489.50700000522, 1489.32662500356, 1489.19362500502, 
1489.05112500067, 1488.84525000352, 1488.69012500364, 1488.56962499605, 
1488.46187499753, 1488.22724999662, 1488.005624998, 1487.717249999, 
1487.45062499822, 1487.3274160024, 1487.31136960243, 1487.24678469455, 
1487.17099999654, 1486.92612499689, 1486.82112500178, 1486.65874999995, 
1486.4772500021, 1486.34650000096, 1486.22537500315, 1486.13575000308, 
1486.0716249986, 1486.02987500246, 1486.01037499945, 1485.95899999981, 
1485.90762499696, 1485.86274999624, 1485.76987500235, 1485.61975000063, 
1485.44087499513, 1485.23050000165, 1484.92824999543, 1484.66112499647, 
1484.42587500242, 1484.33050000092, 1484.12374999741, 1483.9613749967, 
1483.68162500097, 1483.44274999806, 1483.25499999928, 1483.0641497989, 
1482.43037500496, 1482.2738750039, 1482.28375670448, 1482.26849169836, 
1482.25322659792, 1482.2990218026, 1482.2396100035, 1482.33861679682, 
1482.5606249977, 1482.77974310339, 1483.15549999611, 1483.64312499683, 
1484.15362499695, 1484.41049999884, 1485.00724999831, 1485.17862500466, 
1485.37887500124, 1485.68050000185, 1486.21437500463, 1486.61774999822, 
1487.19413559589, 1487.65924999852, 1488.09435560049, 1488.48049999704, 
1488.72149999705, 1488.99737499995, 1489.23512499992, 1489.3935000015, 
1489.60550000078, 1489.62118299913, 1489.56125000543, 1489.32024999529, 
1488.99098810489, 1488.80325000367, 1488.61022920085, 1488.36687500465, 
1488.08151059745, 1487.77759419915, 1487.42268429953, 1487.15616170303, 
1486.89767409749, 1486.55812499481, 1486.1637500005, 1485.81125000454, 
1485.58250000108, 1485.08700000229, 1484.61987500397, 1483.80375000388, 
1483.31762500442, 1483.02187499819, 1482.64262499771, 1482.4028749984, 
1482.29719150035, 1482.09237499594, 1482.01562499601, 1481.89074999506, 
1481.7563750037, 1481.66674999604, 1481.52262499464, 1481.40100000462, 
1481.26337499753, 1481.06825000333, 1480.94662499835, 1480.79950000193, 
1480.66187499528, 1480.49550000384, 1480.33574999866, 1480.19512500094, 
1480.03837500313, 1479.95162499836, 1479.88987499596, 1479.84862500113, 
1479.83850000112, 1479.83162499725, 1479.86912499815, 1479.89125000005, 
1479.94187500217, 1480.06212499982, 1480.11612500501, 1480.18575000447, 
1480.32199999605, 1480.4326250031, 1480.53412499536, 1480.64174999494, 
1480.739999996, 1480.93024999965, 1481.03162500232, 1481.11724999995, 
1481.28537500128, 1481.38712500461, 1481.59350000533, 1481.80325000176, 
1481.93662499871, 1482.10512499665, 1482.33087500309, 1482.57249999827, 
1482.82699999706, 1483.0053750013, 1483.20562499583, 1483.37749999835, 
1483.46562500207, 1483.49200000283, 1483.52075000058, 1483.65125000549, 
1483.77212499815, 1484.01712500097, 1484.19512499884, 1484.51300000003, 
1484.76412499667, 1485.00899999486, 1485.25375000038, 1485.43162499968, 
1485.7238750017, 1485.8858749989, 1486.20337500402, 1486.44137499784, 
1486.67612500469, 1486.82487499806, 1486.90712499766, 1486.96574999449, 
1487.09037500458, 1487.16600000542, 1487.32037500221, 1487.34087500004, 
1487.28899999668, 1487.15075000281, 1486.87849999712, 1486.60375000428, 
1486.29737499768, 1485.88587499568, 1485.56387499759, 1485.4011249966, 
1485.06974999805, 1484.67074999705, 1484.3421249967, 1484.09325000294, 
1483.76449999628, 1483.57299999668, 1483.35937500094, 1483.20962500043, 
1483.14575000135, 1482.93562500533, 1482.66824999627, 1482.42325000432, 
1482.15274999709, 1481.83475000206, 1481.66637500073, 1481.46612499579, 
1481.11987500243, 1480.68150000515, 1480.29099999719, 1479.87487500428, 
1479.56687500322, 1479.31900000539, 1479.0424999994, 1478.87062499861, 
1478.68587500438, 1478.58712499501, 1478.47225000289, 1478.40150000165, 
1478.39112500096, 1478.41574999792, 1478.52000000462, 1478.58624999715, 
1478.64312500278, 1478.67462500424, 1478.74425000269, 1478.89950000269, 
1479.12450000215, 1479.39387500441, 1479.53324999784, 1479.75199999485, 
1479.89112500301, 1479.97962500073, 1479.99487499738, 1479.94325000123, 
1479.8312499952, 1479.70987499853, 1479.57574999947, 1479.39337500519, 
1479.27799999857, 1479.22624999906, 1479.24150000071, 1479.30149999468, 
1479.36162499988, 1479.41862499472, 1479.50737500274, 1479.58350000164, 
1479.61825000489, 1479.74225000179, 1479.93937499447, 1480.1271249945, 
1480.23837499921, 1480.48975000444, 1480.74462500289, 1481.02512499615, 
1481.29599999629, 1481.56700000448, 1481.92687500202, 1482.27412499799, 
1482.48762499555, 1482.71362499839, 1483.01237499584, 1483.21875000219, 
1483.32012499784, 1483.39612499887, 1483.62400000101, 1483.76312499515, 
1483.92424999807, 1484.01249999772, 1484.04350000441, 1483.9695000018, 
1483.81962499512, 1483.60312500056, 1483.3771250042, 1483.16712499739, 
1482.93812499889, 1482.62312500193, 1482.38462500046, 1482.15562499939, 
1481.89175000148, 1481.58975000177, 1481.18249999617, 1480.38300000055, 
1480.15962499656, 1480.01925000264, 1479.97112499842, 1479.90662500078, 
1479.88962499901, 1479.90787499653, 1479.93574999672, 1479.98262499777, 
1479.99774999757, 1480.0036250005, 1479.96512499921, 1479.84074999991, 
1479.63987499737, 1479.38500000003, 1479.09200000387, 1478.78337499599, 
1478.47487500444, 1478.10275000274, 1477.63537499635, 1477.14287500348, 
1476.7326249995, 1476.4275000001, 1476.16337499911, 1475.85125000175, 
1475.70437500116, 1475.6564999964, 1475.59212499651, 1475.55299999926, 
1475.55249999793, 1475.52675000085, 1475.53900000005, 1475.51287499724, 
1475.51549999915, 1475.42587500174, 1475.35562500018, 1475.21212500017, 
1474.9666250011, 1474.70225000375, 1474.45712500253, 1474.16450000212, 
1473.85925000479, 1473.62163960375, 1473.62218560389, 1473.61362139531, 
1473.0676422008, 1472.88337499672, 1472.75842350487, 1472.53987500079, 
1472.27887499667, 1472.10362500125, 1472.00569080546, 1471.97108919475, 
1471.9687318952, 1471.9648000033, 1471.95309720226, 1471.94980259685, 
1471.94780729513, 1471.9377716966, 1471.92179780328, 1471.9299627973, 
1471.93225309498, 1471.93606089994, 1471.94022540502, 1471.9422786036, 
1471.94648810214, 1471.95040159809, 1471.95300420459, 1471.95620190026, 
1471.95857639572, 1471.96056830449, 1471.96496070474, 1471.97439159585, 
1471.97919009462, 1471.99090319932, 1471.99388780166, 1471.99418719492, 
1471.99569959869, 1471.99689079552, 1471.99760929994, 1471.9984581977, 
1471.99909080068, 1471.99945970239, 1472.00028490362, 1472.00099059542, 
1472.00000350283, 1471.99760389705, 1471.99686039829, 1471.99477559797, 
1471.99485070082, 1471.99512020222, 1471.99532870375, 1471.99557689888, 
1471.99566199515, 1471.99630690127, 1471.99636109775, 1471.99654240301, 
1471.99681910252, 1471.99746450363, 1471.99319480185, 1471.98655020532, 
1471.98153800217, 1471.97425740217, 1472.02603869635, 1472.0309630049, 
1472.05073750018, 1472.05855089959, 1472.07861590018, 1472.10889290155, 
1472.13862629582, 1472.16175960284, 1472.16508699828, 1472.18258330397, 
1472.18448049481, 1472.19007439825, 1472.19525300523, 1472.2115031049, 
1472.23729809605, 1472.24906679558, 1472.28224290059, 1472.31675719514, 
1472.35094630334, 1472.37876779852, 1472.39256870339, 1472.48034760024, 
1472.53059090371, 1472.59022159827, 1472.65103179757, 1472.71633619659, 
1472.73762639963, 1472.74969079886, 1472.75465849762, 1472.75531869451, 
1472.75766549619, 1472.76108309732, 1472.76175519939, 1472.7586438993, 
1472.75590339855, 1472.76462500224, 1472.86637500334, 1472.95214970018, 
1473.19337500484, 1473.32987499526, 1473.59014749543, 1473.7453750034, 
1473.94225000391, 1474.05012500333, 1474.11047049594, 1474.15093069622, 
1474.18992180464, 1474.21275000255, 1474.21149999794, 1474.2392499976, 
1474.25597509759, 1474.35175000202, 1474.53549999679, 1475.1740000036, 
1475.6187499993, 1475.74262499494, 1475.86624999675, 1475.98350000479, 
1476.11025000502, 1476.21800000474, 1476.36337499998, 1476.50287499496, 
1476.61687499602, 1476.72785799845, 1476.94862499797, 1477.05174039964, 
1477.31075900207, 1477.43000330466, 1477.50038920316, 1477.56399999502, 
1477.64237500265, 1477.61637500341, 1477.53962499633, 1477.42162499719, 
1477.29437500059, 1477.10029230241, 1476.90454639738, 1476.50537499634, 
1476.18375000496, 1475.68999999937, 1475.20262500516, 1474.87121879576, 
1474.50098550226, 1474.17443220548, 1473.89062500069, 1473.68090940504, 
1473.51737500009, 1473.31325000438, 1473.24084730295, 1473.19687500139, 
1473.1471250007, 1473.1363749991, 1473.11987499789, 1473.10324999746, 
1473.08325000287, 1473.05375000492, 1473.03375000078, 1473.00124999645, 
1472.97174999984, 1472.9327499998, 1472.87124999852, 1472.84537500361, 
1472.84150000167, 1472.83162499483, 1472.86900000306, 1472.89412500339, 
1472.93487499965, 1472.98212499735, 1473.05775000541, 1473.21525000153, 
1473.38643362547, 1473.56992423608, 1473.69383380943, 1473.79468448455, 
1473.91283221242, 1474.04619912344, 1474.14415949978, 1474.23256972096, 
1474.32035781054, 1474.37895449674, 1474.52640549297, 1474.62387445156, 
1474.76331386124, 1474.91092622714, 1475.10834495126, 1475.33775000219, 
1475.5217500036, 1475.63312499478, 1475.75700000431, 1475.93512500062, 
1476.1352499979, 1476.33874999758, 1476.53575000255, 1476.75825000207, 
1477.07300000494, 1477.27962500304, 1477.43537500461, 1477.55937500351, 
1477.66412499586, 1477.76900000347, 1477.81975000337, 1477.88962500547, 
1477.93712499723, 1477.96237499541, 1477.9748749964, 1477.97774999619, 
1477.98387499812, 1477.95825000288, 1477.95474999638, 1477.95137500243, 
1477.94162500235, 1477.92212499819, 1477.91224999507, 1477.88012500497, 
1477.83825000172, 1477.81550000065, 1477.79287500177, 1477.79225000244, 
1477.7982499992, 1477.82312500149, 1477.84187500439, 1477.90175000156, 
1477.95850000502, 1478.02162499606, 1478.07824999599, 1478.16349999478, 
1478.26162499655, 1478.3280000004, 1478.42287500259, 1478.53075000519, 
1478.62900000474, 1478.75599999779, 1478.83199999983, 1478.9781249951, 
1479.19724999777, 1479.29887499885, 1479.49924999786, 1479.63900000326, 
1479.80437500152, 1479.96650000518, 1480.1033750039, 1480.33850000317, 
1480.46250000463, 1480.56737500536, 1480.68174999759, 1480.80237499815, 
1480.85312499485, 1480.94824999786, 1481.04025000223, 1481.16699999484, 
1481.39512500033, 1481.544000005, 1481.78475000056, 1481.87662499729, 
1481.93337500524, 1482.01537500419, 1482.05937499602, 1482.0588749946, 
1482.03300000495, 1481.86024999774, 1481.71987499662, 1481.52549999929, 
1481.35962499498, 1481.14924999502, 1480.87200000401, 1480.60749999688, 
1480.36537499497, 1480.15175000364, 1479.94462500029, 1479.73750000201, 
1479.61949999927, 1479.5556249989, 1479.54700000376, 1479.53924999975, 
1479.54537500296, 1479.57700000543, 1479.64987500156, 1479.75162499456, 
1479.82475000018, 1479.93587499767, 1480.20300000323, 1480.42224999502, 
1480.57800000331, 1480.74662499607, 1480.87687499646, 1481.00400000263, 
1481.0835000005, 1481.22949999613, 1481.3947499946, 1481.5376250029, 
1481.71224999529, 1481.85500000145, 1482.11525000295, 1482.29950000011, 
1482.42300000497, 1482.50224999663, 1482.62912499597, 1482.77800000109, 
1482.90162500454, 1483.01237499929, 1483.136125, 1483.21862500243, 
1483.33012500388, 1483.19749999759, 1483.0888750033, 1482.94887499764, 
1482.80324999835, 1482.70237500228, 1482.59162499961, 1482.47387499515, 
1482.35262500425, 1482.21887499539, 1482.13687500543, 1482.08587499823, 
1481.96574999571, 1481.78862499816, 1481.61512499553, 1481.37787499451, 
1481.2162500041, 1481.06050000278, 1480.84449999908, 1480.58062500307, 
1480.39300000196, 1480.1707499997, 1480.0627500003, 1479.94562499493, 
1479.75887499996, 1479.65000000338, 1479.54712500332, 1479.48900000017, 
1479.43687500059, 1479.39424999466, 1479.26825000346, 1479.16512500211, 
1479.0943749951, 1479.05037500081, 1479.02587499955, 1479.00762500232, 
1479.002624996, 1479.02949999783, 1479.08487499769, 1479.13974999877, 
1479.21012500197, 1479.21087499606, 1479.16437499711, 1479.12762499906, 
1479.16087499907, 1479.22637500195, 1479.33299999498, 1479.41099999553, 
1479.51400000488, 1479.40912500325, 1479.36087499718, 1479.25999999559, 
1479.11100000025, 1478.98412499511, 1478.7233750054, 1478.57050000097, 
1478.44299999479, 1478.30599999495, 1478.19125000391, 1478.03512500278, 
1477.92699999542, 1477.79625000471, 1477.59862500214, 1477.41687499531, 
1477.22562500087, 1477.00249999455, 1476.84012500493, 1476.64274999552, 
1476.48674999656, 1476.349250001, 1476.29174999462, 1475.86012500251, 
1475.30475000497, 1474.70112499729, 1474.53987499471, 1474.10424999493, 
1473.5265000033, 1473.19062499542, 1472.96887500179, 1472.70787499845, 
1472.67662499701, 1472.57400000478, 1472.33575000367, 1472.10324999717, 
1471.9449999951, 1471.70412499963, 1471.53449999773, 1471.38362499706, 
1471.24100000251, 1471.12549999783, 1471.06462500217, 1471.03612500305, 
1470.99175000425, 1470.94425000308, 1470.89025000467, 1470.80800000392, 
1470.76362499933, 1470.69712500231, 1470.63699999613, 1470.54824999721, 
1470.49450000374, 1470.41224999576, 1470.32999999586, 1470.27299999795, 
1470.19087500184, 1470.12749999972, 1470.05175000235, 1469.99487500045, 
1469.92537499763, 1469.85587499596, 1469.78987500303, 1469.74887499803, 
1469.6985, 1469.66087500515, 1469.63262499529, 1469.5826250011, 
1469.56075000288, 1469.52950000511, 1469.51425000046, 1469.4990000029, 
1469.49000000376, 1469.50662499592, 1469.50087499589, 1469.51100000435, 
1469.5211250013, 1469.55062499599, 1469.56374999624, 1469.57687500544, 
1469.58637500143, 1469.51349999974, 1469.38337500503, 1469.30400000301, 
1469.24062499787, 1469.12962499961, 1469.0028749975, 1468.86000000547, 
1468.75212499753, 1468.55549999456, 1468.46987499993, 1468.34625000155, 
1468.25425000464, 1468.08624999526, 1467.9847500026, 1467.90550000332, 
1467.75637500113, 1467.55350000546, 1467.46475000162, 1467.29350000091, 
1467.12862499562, 1466.97325000238, 1466.7639999951, 1466.55162500513, 
1466.30112500208, 1466.20925000198, 1466.05400000016, 1465.93675000205, 
1465.83537499893, 1465.61974999557, 1465.40737500331, 1465.2172500027, 
1465.09675000412, 1464.9511249959, 1464.80850000349, 1464.63112499988, 
1464.46650000443, 1464.35574999972, 1464.26062499603, 1464.18787500291, 
1464.11200000224, 1463.97287500499, 1463.88112499647, 1463.76737500101, 
1463.644125003, 1463.58562500202, 1463.53074999684, 1463.48049999604, 
1463.39874999448, 1463.34862500407, 1463.32975000476, 1463.30774999806, 
1463.2548749975, 1463.18637500314, 1463.1331250015, 1463.0583749978, 
1463.01175000049, 1463.00887500272, 1462.99387499963, 1462.98449999865, 
1462.94500000263, 1462.92350000048, 1462.89549999739, 1462.86150000514, 
1462.84349999663, 1462.83524999521, 1462.83325000009, 1462.83844109712, 
1462.84412500518, 1462.85774999689, 1462.87149999692, 1462.88850000252, 
1462.89462499895, 1462.93100000009, 1462.96037499639, 1462.98312499631, 
1463.00937500459, 1463.03537500159, 1463.06762500184, 1463.1223749968, 
1463.1676250021, 1463.20649999959, 1463.25512500398, 1463.28425000002, 
1463.32324999977, 1463.36812499873, 1463.44512500281, 1463.49024999838, 
1463.54162500046, 1463.593000001, 1463.62849999729, 1463.69287499997, 
1463.76324999846, 1463.8017499958, 1463.84024999633, 1463.87550000518, 
1463.87574999964, 1463.81575000462, 1463.74937500245, 1463.63237500312, 
1463.53125000064, 1463.40162500162, 1463.25637499836, 1463.12103710358, 
1463.12235110452, 1463.0891249963, 1462.69842550357, 1462.46449999552, 
1462.15635119722, 1462.0013749989, 1461.91274999519)), .Names = c("x", 
"y"))), units = structure(list(singular = "unit", plural = "units", 
    multiplier = 1), .Names = c("singular", "plural", "multiplier"
), class = "units")), .Names = c("type", "xrange", "yrange", 
"bdry", "units"), class = "owin"), n = 224L, x = c(593.370314023605, 
598.055284447228, 578.353205752853, 593.407478585226, 593.501471421502, 
566.254702094372, 564.449043775595, 565.868070216354, 593.938895133981, 
594.416602591669, 560.989560769028, 593.011705196015, 586.983601365824, 
584.7797208483, 580.141989774355, 600.351346547607, 554.048144608269, 
598.958032773086, 590.31986563368, 552.84051150537, 576.051350991308, 
613.714649788206, 589.129123625608, 594.671407311565, 601.796023221416, 
579.21287104249, 579.07639681361, 579.199158044319, 555.350428932342, 
564.549963009051, 601.568276437436, 593.540876001953, 556.607380515329, 
564.484659986323, 567.902289001858, 574.72281211183, 576.020722190565, 
568.463128079815, 569.684065745227, 572.084145947261, 562.692918984049, 
559.562708991573, 576.576422375524, 582.180967301837, 586.039786504048, 
606.304891645454, 597.416776386064, 606.851190358382, 591.72056415591, 
583.747052074034, 600.465492465012, 599.726747733772, 555.465315453383, 
554.131547638501, 567.669148018394, 564.91045867117, 566.548703672703, 
599.309291701909, 596.435461185852, 595.730944142456, 592.960969678426, 
589.481484700146, 595.609646505228, 596.036887549046, 596.188257500447, 
594.516479192418, 596.235063091624, 551.019257623661, 607.087772320572, 
561.102919537775, 567.758613844885, 588.595988126744, 559.831642198232, 
584.638430923397, 585.534954665609, 584.345074682965, 557.268109263324, 
566.580817221061, 559.263692545102, 577.81904634725, 578.496839007623, 
577.765140643778, 605.165195794513, 599.86683958574, 559.940169378175, 
576.474873896839, 550.904799162479, 604.876981588443, 551.178392349544, 
587.313652131589, 590.021971840701, 555.657619742213, 605.457705265455, 
606.256648256592, 598.689803427014, 586.871058664587, 558.449424381028, 
551.276125700082, 554.872901718504, 595.926468723462, 610.467088565012, 
552.883833148199, 551.087080047053, 551.353911137118, 591.3580699495, 
564.352465095378, 560.203504209227, 593.237810787723, 555.877556627545, 
599.959975284928, 607.66539436041, 593.973631243496, 575.099950596797, 
566.496097005375, 570.920331751439, 564.554767951186, 552.858469732677, 
559.199408014621, 552.409723231386, 568.263205877709, 582.511199059268, 
551.389472625753, 560.085306049659, 561.353692987602, 593.006609249189, 
566.007914559741, 575.667782957543, 558.471526651866, 588.248104943136, 
576.751067856185, 573.852375451955, 570.13759707266, 554.227378376585, 
600.734986661188, 553.306340416729, 552.145312287286, 558.058478750215, 
578.656513810183, 606.442871409519, 588.001983994848, 559.054661552199, 
550.965939562301, 606.910317658915, 561.057006263482, 560.824852245788, 
578.186487644603, 573.177220838801, 574.772571170767, 573.754315987854, 
559.891219508904, 560.665620862464, 563.488059749591, 578.428998715606, 
591.251112487188, 555.65861764863, 606.42879512941, 607.442191106852, 
557.987530119935, 591.474009563004, 591.748957678104, 609.535896283841, 
606.326479990492, 559.220447924096, 605.843949103919, 567.116215009468, 
599.143722829486, 569.462918144902, 587.93740369473, 553.152527212316, 
594.866870475296, 579.420825977626, 554.214219202368, 590.996239755729, 
593.227187341643, 584.355418507413, 583.775944312125, 629.914573417643, 
623.227273157568, 630.460643620997, 625.978981861616, 622.680456406542, 
622.530079547714, 620.133633098132, 614.770623283971, 614.514296483043, 
619.489701241085, 625.109409611203, 619.231537608471, 613.157919626346, 
622.548310451783, 624.730390651476, 623.218414829149, 622.168717486289, 
624.15060635702, 611.799957045357, 623.806051769854, 609.527089558134, 
623.030398098922, 620.221530573506, 612.770794871034, 616.695667484187, 
623.887798490808, 625.889553840884, 626.52717484412, 614.932470701338, 
610.182735575216, 622.292848597403, 617.573351312391, 613.40112203707, 
612.987516558979, 630.285330806214, 624.613001158984, 629.575216568085, 
618.23009202986, 624.633940235709, 624.447336239915, 611.578891710623, 
616.866273092187, 625.473029788477, 622.182067297632, 620.779895957782, 
609.465539385262, 629.949353489301, 626.667470088383), y = c(1466.92752940754, 
1475.02037451164, 1467.59595101554, 1463.56715032944, 1467.3171947552, 
1470.75482883776, 1467.49751985713, 1471.09027116951, 1467.37032991161, 
1467.8691897279, 1467.55712522974, 1466.26119335457, 1470.83745505735, 
1471.54417650897, 1474.80260626153, 1470.97525855193, 1473.13211772802, 
1475.99910494908, 1472.64199330661, 1472.72155247049, 1472.55105465871, 
1474.03893850458, 1474.10824247247, 1469.12019226005, 1473.40974910999, 
1465.15290927786, 1466.3112068853, 1466.06535044258, 1480.31156290461, 
1474.61649337636, 1470.01269600371, 1463.48158054011, 1476.44249132227, 
1475.19952941046, 1463.91604617049, 1463.42733003632, 1466.71596931168, 
1468.28458584241, 1465.33435540638, 1463.85565373432, 1476.7389997193, 
1474.50175611285, 1473.01886885485, 1472.21723417829, 1471.07056170671, 
1476.34578736131, 1470.52188125183, 1478.63585797021, 1470.81517889696, 
1471.96515741664, 1478.83842291677, 1477.54043643654, 1475.30992746189, 
1474.41552493495, 1473.91993565038, 1471.59994701719, 1472.4048693297, 
1481.55154509027, 1469.18101963674, 1469.23843766251, 1470.02735506222, 
1466.66816042049, 1474.59921161426, 1474.70397120014, 1474.29215618906, 
1475.51380081402, 1468.83024903733, 1472.64625477706, 1471.45150993654, 
1472.92532037027, 1466.28642583478, 1472.80535986687, 1473.21791573049, 
1470.83414557842, 1469.93634257686, 1462.79581586629, 1475.78476605626, 
1466.21527441614, 1475.73985194762, 1473.67386695304, 1473.75177632284, 
1473.83093366755, 1474.96299044225, 1470.15882834096, 1472.48724342432, 
1467.64456021609, 1472.34050699441, 1479.13655268992, 1476.64398802501, 
1463.63820437725, 1470.8498001328, 1473.05589900208, 1475.9324553077, 
1475.91068212825, 1474.36707547526, 1470.78013451995, 1479.11854382914, 
1472.60877389612, 1473.24769396349, 1469.16259398489, 1477.18257830521, 
1473.15056934877, 1473.03319264007, 1472.94886339168, 1468.55522118978, 
1465.34666727413, 1470.86344930683, 1463.72082669105, 1473.45918492322, 
1478.55945002348, 1472.17293341337, 1468.5784332647, 1467.64070481446, 
1464.27089808218, 1470.82009073951, 1471.64358838175, 1475.99998598156, 
1473.27406455761, 1473.45992086331, 1467.60418064447, 1462.82161864398, 
1471.97122903227, 1469.40907466156, 1467.91450673477, 1463.3450614678, 
1466.41143156464, 1465.53611891189, 1469.75140697163, 1464.93462965995, 
1466.7690549188, 1468.24597797743, 1470.39799911966, 1473.2754553517, 
1470.00838550451, 1473.95765444315, 1472.59561113614, 1476.98546746875, 
1468.20851494834, 1470.98378325833, 1464.66150275878, 1472.25153811769, 
1476.86724631916, 1473.41118140369, 1479.06740142987, 1479.49581258737, 
1472.98671122613, 1471.21294324354, 1470.65369671011, 1469.89385988546, 
1470.7227407685, 1467.93312444222, 1476.05503764156, 1467.71126852758, 
1478.84583046893, 1473.41660844042, 1478.06517028817, 1473.06501160987, 
1477.82835622242, 1471.21067219221, 1469.12968189142, 1477.87059911096, 
1477.05609481293, 1471.10273328287, 1474.63279348308, 1468.48885282739, 
1476.21635213808, 1465.22699726735, 1471.11109491898, 1474.47408580566, 
1467.90280570803, 1474.86276342578, 1472.42735997185, 1472.11088490195, 
1472.86133947128, 1472.06348876123, 1471.54053801706, 1484.0970680266, 
1480.18654846125, 1485.74814545236, 1484.41288482204, 1483.39058871833, 
1481.98184153816, 1481.27258915873, 1473.30588937757, 1482.98885529516, 
1481.33972368412, 1484.30080488156, 1474.46511419966, 1476.26994515691, 
1480.28311936633, 1485.11373069223, 1484.25403982267, 1481.22958238313, 
1480.26023443621, 1485.22022137151, 1485.79417756026, 1482.44048011012, 
1489.88009221191, 1480.97333646738, 1479.21724738344, 1479.99413052493, 
1480.43524894896, 1483.91521667866, 1483.82506762051, 1474.45708277702, 
1485.9943408871, 1474.25694030117, 1480.14571284483, 1487.01830131186, 
1487.31737428677, 1485.3716774876, 1485.37604634716, 1485.44239479398, 
1473.61041723032, 1479.26027868723, 1484.28287834811, 1478.20179495414, 
1480.03640896107, 1484.79263608467, 1482.88572561333, 1480.81860829972, 
1482.43790209232, 1479.92517994691, 1475.1535890051), markformat = "none"), .Names = c("window", 
"n", "x", "y", "markformat"), class = "ppp")
